-24827.25511224993
-15042.982517621185
-15552.151783976306
-15621.621239536033
-15706.8864979008
-13434.576193950104
-13878.038614761275
-14487.25577378348
-15214.983359378355
-16563.562954425535
-13292.190895281406
-13646.023395373548
-13980.596479448104
-11190.786699459322
-13806.700272085445
-11005.36355419662
-14388.09303765553
-9154.284263265643
-11367.169714790793
-6792.440767436898
-9847.006671163448
-9446.190127979366
-8677.758116360084
-10526.170249387907
-9143.597456344016
-6329.5094316075665
-12906.778917568587
-6535.223571104351
-9164.58621601357
-12851.548529564541
-10013.15682566982
-8460.575811574075
-8806.844296993135
-7803.675197390331
-6867.904570210493
-8992.213492666442
-7124.512259141387
-5722.17439129498
-6656.272573315917
-8219.609764793146
-6696.1165711223775
-6991.481016832927
-4259.507885572844
-5537.934565344356
-4991.123180740828
-5273.301588117765
-3385.956252081252
-4600.450556936222
-7794.487647073325
-4868.789252414253
-4275.225335165351
-2905.1850233100236
-6803.5464467051315
-5956.517607547252
-5139.665092623759
-5697.3889360768235
-5459.859144187545
-4361.182249804755
-4196.202529604038
-4975.526106246696
-4790.590946254058
-5408.268841323795
-4283.004898287987
-3603.9285922410927
-4788.10207303185
-3796.0128596893296
-2554.96694971695
-4182.870465296583
-3928.372397294678
-2155.4767389473272
-2355.105333338869
-2358.819826007326
-2274.5926573426577
-1999.297619047619
-2405.474376114082
-2293.1561355311355
-2293.7642773892776
-2514.5399539186305
-1724.0278263403266
-2267.239926739927
-3821.5616944432904
-2367.044737125619
-2098.7901681651683
-2157.3865301365304
-1340.3157467532465
-1863.3531335795265
-2318.6746071910547
-1259.046828171828
-2836.961060868955
-2028.99908534448
-1595.075174825175
-2067.176413498782
-1027.3982683982683
-2356.3624427043546
-1293.071428571429
-1306.0535714285713
-1187.9678654678655
-1210.8215118215119
-1866.8242623604467
-1402.5277639027643
