11.79888888888889
5.252037037037037
6.916666666666667
5.275185185185185
5.42462962962963
4.9003703703703705
5.024444444444445
5.142407407407408
5.561111111111111
6.553888888888889
4.710740740740741
5.057407407407408
5.358518518518519
4.2444444444444445
5.063518518518518
4.000925925925926
5.022592592592592
3.512777777777778
4.29462962962963
3.2364814814814813
3.9424074074074076
3.9524074074074074
3.7214814814814816
4.056851851851852
3.909074074074074
3.004074074074074
4.657777777777778
3.1612962962962965
3.5522222222222224
4.703888888888889
3.763888888888889
3.4901851851851853
3.6455555555555557
3.3157407407407407
3.23
3.9522222222222223
3.197962962962963
2.898888888888889
2.987037037037037
3.621111111111111
3.327777777777778
3.3524074074074073
2.4412962962962963
3.0698148148148148
2.717037037037037
2.834074074074074
2.43537037037037
2.5553703703703703
3.2642592592592594
2.609074074074074
2.5285185185185184
2.097962962962963
3.092962962962963
3.0496296296296297
3.0277777777777777
2.8335185185185185
3.0196296296296294
2.542777777777778
2.5972222222222223
2.747037037037037
3.1757407407407405
2.7875925925925924
2.4116666666666666
2.409074074074074
2.5659259259259257
2.421666666666667
2.077777777777778
2.4298148148148146
2.4414814814814814
2.093703703703704
2.1281481481481483
1.9759259259259259
1.9155555555555555
2.0394444444444444
2.122962962962963
2.0838888888888887
2.0748148148148147
2.0388888888888888
1.8622222222222222
2.004259259259259
2.588888888888889
1.9707407407407407
1.9857407407407408
1.9359259259259258
1.8433333333333333
2.047222222222222
2.265925925925926
1.7618518518518518
2.077962962962963
1.897962962962963
1.7516666666666667
2.236666666666667
1.662962962962963
2.2064814814814815
1.6890740740740742
1.6175925925925927
1.6705555555555556
1.7433333333333334
2.242962962962963
1.6607407407407409
