63714
28361
37350
28486
29293
26462
27132
27769
30030
35391
25438
27310
28936
22920
27343
21605
27122
18969
23191
17477
21289
21343
20096
21907
21109
16222
25152
17071
19182
25401
20325
18847
19686
17905
17442
21342
17269
15654
16130
19554
17970
18103
13183
16577
14672
15304
13151
13799
17627
14089
13654
11329
16702
16468
16350
15301
16306
13731
14025
14834
17149
15053
13023
13009
13856
13077
11220
13121
13184
11306
11492
10670
10344
11013
11464
11253
11204
11010
10056
10823
13980
10642
10723
10454
9954
11055
12236
9514
11221
10249
9459
12078
8980
11915
9121
8735
9021
9414
12112
8968
