-19723.0
-20964.0
-18781.0
-17544.0
-16747.0
-21255.0
-17923.0
-18115.0
-17584.0
-18642.0
-16962.0
-16538.0
-16816.0
-16842.0
-15210.0
-15710.0
-18219.0
-14407.0
-16597.0
-15286.0
-16036.0
-15072.0
-14999.0
-16402.0
-17342.0
-14328.0
-17051.0
-14572.0
-11867.0
-11469.0
-13383.0
-11520.0
-14487.0
-12713.0
-9624.0
-13900.0
-11799.0
-11298.0
-11832.0
-10349.0
-11204.0
-10428.0
-11993.0
-10054.0
-10805.0
-11292.0
-10372.0
-10554.0
-9491.0
-9446.0
-8452.0
-10605.0
-10856.0
-9771.0
-9571.0
-7896.0
-8070.0
-8783.0
-8374.0
-7946.0
-8151.0
-8573.0
-9688.0
-7154.0
-8281.0
-7698.0
-7332.0
-6995.0
-6487.0
-6520.0
-7633.0
-6730.0
-5829.0
-6865.0
-6413.0
-6707.0
-7116.0
-5966.0
-6591.0
-6739.0
-6927.0
-6574.0
-6465.0
-5612.0
-5593.0
-6206.0
-6426.0
-5143.0
-5482.0
-5553.0
-5713.0
-4871.0
-5587.0
-7209.0
-4598.0
-5030.0
-5443.0
-4183.0
-5379.0
-4617.0
