43624
41549
38589
40830
34367
47129
37131
39412
36452
39568
37127
34723
33467
34890
32063
35860
37749
30887
34890
33780
34878
32943
35062
36482
37054
31871
36537
31345
27218
28854
30787
26766
31913
29872
25336
36895
28582
27127
27832
29282
28012
25745
29475
25877
27275
28182
26266
25422
27402
25473
23838
26419
27758
26783
32343
23314
28775
23886
24424
23408
28009
26389
26104
21232
24983
24483
23063
22693
21187
21452
21943
21981
21174
22145
20796
21463
22125
20369
20880
21890
25201
20704
21472
21794
20875
24939
23138
19972
20501
19884
22120
21079
20256
24317
19041
19711
20198
19537
23866
18767
