8.078518518518518
7.694259259259259
7.146111111111111
7.561111111111111
6.364259259259259
8.727592592592593
6.876111111111111
7.298518518518518
6.75037037037037
7.327407407407407
6.87537037037037
6.430185185185185
6.197592592592593
6.461111111111111
5.937592592592592
6.640740740740741
6.990555555555556
5.719814814814815
6.461111111111111
6.2555555555555555
6.458888888888889
6.100555555555555
6.492962962962963
6.755925925925926
6.861851851851852
5.902037037037037
6.766111111111111
5.80462962962963
5.04037037037037
5.343333333333334
5.701296296296296
4.956666666666667
5.909814814814815
5.531851851851852
4.691851851851852
6.832407407407407
5.292962962962963
5.023518518518519
5.1540740740740745
5.422592592592593
5.187407407407408
4.767592592592592
5.458333333333333
4.792037037037037
5.050925925925926
5.2188888888888885
4.864074074074074
4.707777777777777
5.0744444444444445
4.717222222222222
4.414444444444444
4.892407407407408
5.140370370370371
4.9598148148148145
5.989444444444445
4.317407407407408
5.328703703703703
4.423333333333333
4.522962962962963
4.3348148148148145
5.186851851851852
4.886851851851852
4.834074074074074
3.9318518518518517
4.626481481481481
4.533888888888889
4.270925925925926
4.202407407407407
3.9235185185185184
3.9725925925925925
4.063518518518518
4.070555555555556
3.921111111111111
4.100925925925926
3.851111111111111
3.9746296296296295
4.097222222222222
3.772037037037037
3.8666666666666667
4.053703703703704
4.666851851851852
3.834074074074074
3.9762962962962964
4.035925925925926
3.865740740740741
4.618333333333333
4.284814814814815
3.6985185185185183
3.7964814814814813
3.6822222222222223
4.0962962962962965
3.9035185185185184
3.7511111111111113
4.503148148148148
3.526111111111111
3.650185185185185
3.7403703703703703
3.617962962962963
4.41962962962963
3.47537037037037
