10.828148148148149
16.343703703703703
17.58037037037037
20.68259259259259
10.065185185185186
13.72537037037037
10.817592592592593
15.607777777777779
20.320925925925927
17.302407407407408
13.708333333333334
14.940925925925926
9.518703703703704
12.376481481481482
12.82462962962963
7.394629629629629
7.440740740740741
15.366296296296296
8.052962962962964
10.977037037037038
6.590740740740741
7.440925925925926
18.796481481481482
8.562592592592592
6.118148148148149
8.223888888888888
7.982407407407408
6.887777777777778
7.0975925925925925
6.1557407407407405
6.149629629629629
7.149814814814815
6.333703703703704
6.938148148148148
6.490925925925926
14.767222222222221
12.223333333333333
5.4238888888888885
12.256851851851852
17.697222222222223
6.399259259259259
8.973333333333333
7.215185185185185
5.866296296296296
8.823703703703703
5.147962962962963
5.922407407407407
6.301296296296297
6.418703703703704
5.648148148148148
5.479259259259259
6.287222222222222
4.5525925925925925
6.300740740740741
15.464629629629629
5.640740740740741
10.920370370370371
5.091296296296297
6.742407407407407
5.0088888888888885
12.468148148148147
7.149074074074074
5.669444444444444
4.615
5.722777777777778
5.028333333333333
4.590185185185185
4.547962962962963
4.857592592592592
4.901851851851852
4.002777777777778
5.32962962962963
5.597407407407408
4.375740740740741
4.579074074074074
4.794074074074074
4.289074074074074
4.726851851851852
4.797407407407407
5.832407407407407
11.524444444444445
4.450185185185185
5.553888888888889
4.265185185185185
4.768703703703704
11.042407407407408
9.031296296296297
5.068333333333333
3.866111111111111
3.5548148148148146
3.727222222222222
4.291666666666667
3.9857407407407406
7.334074074074074
3.8666666666666667
4.4688888888888885
3.5164814814814815
3.7705555555555557
16.23537037037037
4.218333333333334
