-11769.305714187894
-12373.902774769596
-11511.333539007419
-16078.384878247103
-9730.461498226925
-10431.741582815937
-11988.178116713772
-8702.806174271169
-12280.198915684578
-13041.213778321908
-10368.169590511758
-12254.642841132023
-10022.158129611
-9725.986354019291
-9105.62505965818
-13962.641175704739
-7471.659261082055
-8974.935223575834
-9208.007036162244
-7662.142137467794
-8043.062678252289
-8303.932575912782
-9995.785058947542
-9184.37657448307
-9636.121205859557
-7952.122769475069
-7608.0841778488775
-5834.340495429101
-7805.093508171618
-7156.709232796189
-7975.053195317268
-7315.817828856992
-7579.685351198509
-4966.2733447538
-7736.930536559167
-8271.139627385528
-6813.3300548780435
-5096.852546833972
-6349.841495231334
-7964.449904773813
-5106.744980509687
-5255.687794328097
-4694.755704950363
-4170.686584249084
-5365.57256990945
-3700.3470487845484
-5486.387757506549
-4166.665422683611
-5485.599697922697
-4506.993648508354
-5006.680509365897
-4468.079244220692
-4732.574065644538
-3599.0139969035095
-6285.461310359996
-4469.832256494796
-5175.289953236391
-4378.439455119073
-4232.879901831913
-3386.9918255763846
-6660.769375902342
-3670.1115967365968
-4247.747908953792
-3232.8922743922735
-3624.2479138508547
-3990.836069620917
-3085.368415897828
-3937.5383085052204
-3565.4025953070577
-3022.0958792239758
-2891.296807359307
-2553.694888444888
-3228.1470853707697
-2572.8362107191056
-2476.8933786801435
-3181.3646769896764
-3289.5823710603113
-2415.4322147151097
-2893.2973091794684
-2239.3930236430233
-3986.193479860166
-2637.916305508217
-2156.874250749251
-2393.447048049989
-2588.005140692641
-4006.344765832555
-3743.595224146918
-1477.2322261072263
-2442.1373993653406
-1819.870795870796
-1666.5109057609059
-1916.667499167499
-2340.171536796536
-2907.7298890995485
-1327.222693972694
-1671.132326007326
-1336.1912462537462
-1210.2313936063936
-2222.2803042684864
-1870.4281135531137
