58472
88256
94934
111686
54352
74117
58415
84282
109733
93433
74025
80681
51401
66833
69253
39931
40180
82978
43486
59276
35590
40181
101501
46238
33038
44409
43105
37194
38327
33241
33208
38609
34202
37466
35051
79743
66006
29289
66187
95565
34556
48456
38962
31678
47648
27799
31981
34027
34661
30500
29588
33951
24584
34024
83509
30460
58970
27493
36409
27048
67328
38605
30615
24921
30903
27153
24787
24559
26231
26470
21615
28780
30226
23629
24727
25888
23161
25525
25906
31495
62232
24031
29991
23032
25751
59629
48769
27369
20877
19196
20127
23175
21523
39604
20880
24132
18989
20361
87671
22779
