-13016.985526867493
-14518.984592734896
-14178.012910136687
-11662.364369705427
-9335.311239134962
-12065.239220403082
-14145.642512919429
-14753.53591989388
-9788.77497405015
-12180.982785916129
-12880.813988932616
-12426.588842017914
-9750.899439476307
-11257.59437678746
-11143.679053114794
-13364.933233060578
-9459.65985564558
-10870.249289883097
-11058.405250172245
-9142.701872441754
-9161.770556549047
-8676.82248298657
-9506.39955980169
-9307.732219690475
-8687.529105867387
-7931.241588558501
-7991.508527566346
-9127.809386244902
-6901.289830095944
-6337.221107270819
-7320.489516675273
-6160.129128675762
-6762.795989098618
-6354.319151453898
-7610.698143434615
-7278.1252005773795
-8584.456142630883
-6090.748079685192
-5517.02661412375
-8262.582675668244
-6297.324329157927
-6932.133462675208
-5101.007569442941
-4800.915188977688
-6010.998015464928
-4560.9018752734
-5216.948247315119
-6352.7015700003085
-5409.611668613428
-5406.107824773267
-5073.828484015985
-5235.4670307878205
-4916.674071027011
-4794.092753961612
-4995.729166373813
-4140.979808053144
-5574.971627182964
-4045.638523241465
-3274.168696499579
-4540.044498393763
-5539.896105197879
-5006.203344987464
-3454.379588548705
-2895.710548223706
-2924.1221903096907
-3076.733548829911
-4138.350343735212
-3223.82643337055
-3850.609832706666
-3540.8303730583148
-3539.786676558736
-2527.783882783883
-3674.7731165892933
-4472.41028005792
-2974.3544372294373
-2445.2908757908754
-2831.634753726665
-2588.343606342058
-2658.487674090615
-2863.926405702141
-3503.149146143711
-2575.6302018527076
-3112.582952135583
-2428.0211038961043
-2692.7727897102895
-2770.031083312972
-3525.498493956896
-2447.1714951714953
-1450.6090576090576
-2167.003454878455
-2498.139693639693
-2218.791042291042
-2091.2747318471
-2432.6802234787915
-1556.112345987346
-1753.1910173160175
-1900.4375159154567
-1287.7267316017314
-3003.8338288556693
-2120.2418831168834
