6.3079629629629625
5.971481481481481
6.368888888888889
6.313888888888889
4.40537037037037
6.072222222222222
6.503703703703704
6.546296296296297
5.127407407407407
5.308148148148148
5.525925925925926
5.465185185185185
4.648148148148148
5.503888888888889
5.5959259259259255
7.150555555555556
4.62537037037037
4.970185185185185
5.318333333333333
4.767037037037037
4.599814814814815
4.281296296296296
5.677037037037037
4.654629629629629
4.665925925925926
4.45037037037037
4.441111111111111
4.5959259259259255
3.921666666666667
3.831111111111111
3.9257407407407405
3.8814814814814813
3.649259259259259
3.8177777777777777
4.2085185185185185
5.5975925925925925
5.027777777777778
3.8581481481481483
3.5661111111111112
4.519074074074074
3.8270370370370372
3.7953703703703705
3.5661111111111112
3.243148148148148
3.475
3.417222222222222
3.5124074074074074
3.9737037037037037
3.511111111111111
3.622962962962963
3.5522222222222224
3.546111111111111
3.2255555555555557
3.591296296296296
4.243148148148149
3.1638888888888888
4.17
3.0137037037037038
3.222777777777778
3.2507407407407407
4.1940740740740745
3.6438888888888887
3.0164814814814815
2.825925925925926
2.8125925925925928
2.9342592592592593
3.1935185185185184
3.0116666666666667
3.040185185185185
3.035185185185185
3.0244444444444443
2.7018518518518517
3.1257407407407407
3.3553703703703706
2.7666666666666666
2.73
2.8125925925925928
2.945
2.831851851851852
2.8801851851851854
3.3746296296296294
2.5896296296296297
2.9033333333333333
2.7124074074074076
2.9214814814814813
3.185
3.5075925925925926
2.6983333333333333
2.5433333333333334
2.715925925925926
2.771851851851852
2.7116666666666664
2.705925925925926
3.050925925925926
2.4214814814814813
2.6277777777777778
2.5637037037037036
2.501851851851852
3.573703703703704
2.672222222222222
