34063
32246
34392
34095
23789
32790
35120
35350
27688
28664
29840
29512
25100
29721
30218
38613
24977
26839
28719
25742
24839
23119
30656
25135
25196
24032
23982
24818
21177
20688
21199
20960
19706
20616
22726
30227
27150
20834
19257
24403
20666
20495
19257
17513
18765
18453
18967
21458
18960
19564
19182
19149
17418
19393
22913
17085
22518
16274
17403
17554
22648
19677
16289
15260
15188
15845
17245
16263
16417
16390
16332
14590
16879
18119
14940
14742
15188
15903
15292
15553
18223
13984
15678
14647
15776
17199
18941
14571
13734
14666
14968
14643
14612
16475
13076
14190
13844
13510
19298
14430
