5.516111111111111
4.828518518518519
5.79962962962963
4.613518518518519
5.228518518518518
4.485740740740741
6.503148148148148
4.727592592592592
4.885925925925926
4.404259259259259
4.687777777777778
4.213333333333333
4.175
4.515185185185185
4.315925925925926
5.21037037037037
3.2562962962962962
3.846111111111111
3.9857407407407406
4.021851851851852
3.426296296296296
3.685
4.4
3.258888888888889
4.012777777777778
3.3494444444444444
3.298703703703704
3.8559259259259258
3.2672222222222222
3.2888888888888888
3.5833333333333335
3.408148148148148
3.2266666666666666
3.0925925925925926
2.866296296296296
3.2135185185185184
3.982962962962963
3.2777777777777777
3.160740740740741
2.966666666666667
3.186111111111111
3.525925925925926
2.6325925925925926
3.260925925925926
3.2133333333333334
2.946296296296296
3.0483333333333333
2.984814814814815
3.171111111111111
3.0374074074074073
2.9035185185185184
2.6744444444444446
2.900185185185185
3.030925925925926
2.7546296296296298
2.535740740740741
3.1625925925925924
2.7205555555555554
2.558148148148148
2.821111111111111
2.6757407407407405
2.774814814814815
2.5701851851851854
2.7805555555555554
2.3912962962962965
2.5144444444444445
2.637037037037037
2.5105555555555554
2.485925925925926
2.4635185185185184
2.6235185185185186
2.3325925925925928
2.219074074074074
2.342962962962963
2.3785185185185185
2.2874074074074073
2.2351851851851854
2.505
2.18
2.094259259259259
2.254259259259259
2.386111111111111
2.2827777777777776
2.3612962962962962
2.47962962962963
2.4966666666666666
2.437222222222222
2.1903703703703705
2.352777777777778
2.1894444444444443
2.4501851851851852
2.0231481481481484
1.9214814814814816
2.535925925925926
2.0805555555555557
2.030925925925926
2.118333333333333
2.06037037037037
2.392962962962963
1.8914814814814815
