28716
21298
27263
25145
25312
24702
32051
24402
30747
25971
19522
19499
20078
24433
24349
21780
22793
20776
20461
20375
18377
18512
16420
17215
19449
18854
17583
23457
20853
17741
16455
17410
20136
17804
17375
24998
20910
17859
17966
20331
16131
16272
16225
16821
19475
14500
16568
17131
17361
14989
15496
15871
14049
16009
21054
16269
16037
15261
17669
14646
17698
15019
14408
14729
14277
13678
14210
13732
14162
13715
13973
12026
12917
13556
13300
12599
12277
12355
12971
11968
12270
12199
12074
12104
12208
14180
13827
12154
12377
11554
11721
10571
11370
12694
12130
11637
11324
11495
12677
11355
