-16627.0
-12420.0
-12392.0
-13153.0
-13840.0
-14527.0
-17915.0
-12569.0
-17205.0
-15131.0
-9913.0
-10354.0
-10669.0
-13141.0
-12145.0
-11026.0
-12660.0
-11009.0
-10033.0
-11618.0
-9319.0
-9631.0
-6833.0
-7991.0
-9865.0
-9818.0
-8758.0
-12558.0
-10932.0
-8905.0
-7488.0
-8254.0
-10370.0
-8536.0
-8658.0
-11410.0
-10801.0
-8993.0
-9346.0
-9262.0
-7170.0
-7835.0
-7644.0
-7568.0
-9919.0
-6499.0
-7431.0
-7870.0
-8477.0
-6350.0
-5841.0
-7884.0
-5440.0
-6434.0
-9557.0
-7018.0
-6386.0
-6781.0
-8198.0
-5747.0
-6879.0
-6857.0
-5897.0
-6193.0
-5728.0
-5271.0
-6399.0
-5105.0
-5174.0
-4640.0
-5447.0
-4356.0
-5074.0
-5239.0
-4862.0
-4522.0
-4330.0
-4120.0
-4571.0
-4430.0
-3469.0
-3937.0
-4078.0
-3571.0
-3904.0
-4759.0
-4136.0
-3522.0
-4488.0
-3238.0
-3886.0
-2640.0
-3214.0
-3742.0
-3420.0
-3684.0
-3348.0
-3373.0
-3192.0
-3038.0
