5.317777777777778
3.944074074074074
5.048703703703704
4.656481481481482
4.687407407407408
4.5744444444444445
5.935370370370371
4.518888888888889
5.693888888888889
4.809444444444445
3.6151851851851853
3.610925925925926
3.718148148148148
4.524629629629629
4.509074074074074
4.033333333333333
4.2209259259259255
3.8474074074074074
3.7890740740740743
3.7731481481481484
3.4031481481481483
3.428148148148148
3.0407407407407407
3.187962962962963
3.6016666666666666
3.4914814814814816
3.256111111111111
4.3438888888888885
3.861666666666667
3.2853703703703703
3.047222222222222
3.224074074074074
3.7288888888888887
3.297037037037037
3.2175925925925926
4.62925925925926
3.8722222222222222
3.3072222222222223
3.3270370370370372
3.765
2.987222222222222
3.013333333333333
3.0046296296296298
3.115
3.6064814814814814
2.685185185185185
3.0681481481481483
3.1724074074074076
3.215
2.7757407407407406
2.8696296296296295
2.939074074074074
2.6016666666666666
2.9646296296296297
3.898888888888889
3.012777777777778
2.9698148148148147
2.826111111111111
3.272037037037037
2.712222222222222
3.2774074074074075
2.781296296296296
2.668148148148148
2.727592592592593
2.6438888888888887
2.532962962962963
2.6314814814814813
2.542962962962963
2.622592592592593
2.539814814814815
2.5875925925925927
2.227037037037037
2.392037037037037
2.5103703703703704
2.462962962962963
2.333148148148148
2.2735185185185185
2.287962962962963
2.402037037037037
2.216296296296296
2.272222222222222
2.259074074074074
2.235925925925926
2.2414814814814816
2.260740740740741
2.6259259259259258
2.5605555555555557
2.2507407407407407
2.292037037037037
2.1396296296296295
2.1705555555555556
1.9575925925925926
2.1055555555555556
2.350740740740741
2.2462962962962965
2.155
2.0970370370370373
2.1287037037037035
2.3475925925925925
2.102777777777778
