-9662.0
-14683.0
-8595.0
-12610.0
-11646.0
-7933.0
-8483.0
-9924.0
-7473.0
-12057.0
-8423.0
-9062.0
-6550.0
-8205.0
-8853.0
-10316.0
-7387.0
-7984.0
-7769.0
-10268.0
-6657.0
-7755.0
-10890.0
-9537.0
-9167.0
-6596.0
-6117.0
-6862.0
-7026.0
-7786.0
-7782.0
-7342.0
-6769.0
-7027.0
-6562.0
-5449.0
-5044.0
-4611.0
-5017.0
-5093.0
-5508.0
-4348.0
-7128.0
-5399.0
-5279.0
-5013.0
-5437.0
-5594.0
-3877.0
-5027.0
-4560.0
-4955.0
-4531.0
-4403.0
-4278.0
-5023.0
-4742.0
-3754.0
-4291.0
-4536.0
-3800.0
-3663.0
-3622.0
-3619.0
-3559.0
-4062.0
-2897.0
-3829.0
-2880.0
-3953.0
-3348.0
-2841.0
-3551.0
-3288.0
-2886.0
-2440.0
-2484.0
-2579.0
-2926.0
-2633.0
-3086.0
-3064.0
-3286.0
-2400.0
-2721.0
-2493.0
-2641.0
-2201.0
-2233.0
-2096.0
-2361.0
-2148.0
-2891.0
-2678.0
-2275.0
-2326.0
-2168.0
-2216.0
-1755.0
-2085.0
