8.357592592592592
7.367037037037037
12.486851851851851
14.90074074074074
10.357407407407408
11.263703703703703
6.962037037037037
5.472222222222222
7.016481481481481
6.551666666666667
7.853703703703704
6.396481481481482
5.8442592592592595
6.773333333333333
8.419074074074073
6.009814814814815
6.015185185185185
9.64
6.448703703703703
7.279629629629629
7.1103703703703705
6.743703703703703
11.080925925925927
5.95
8.905185185185186
4.777962962962963
5.783333333333333
5.157962962962963
4.881481481481481
4.457592592592593
5.036851851851852
5.214074074074074
5.198148148148148
4.770185185185185
4.762962962962963
4.63462962962963
4.459074074074074
3.839814814814815
4.723703703703704
5.279259259259259
5.6177777777777775
4.343333333333334
4.17537037037037
4.286851851851852
3.9746296296296295
3.948148148148148
3.7527777777777778
3.723333333333333
4.174814814814815
3.823888888888889
3.397222222222222
3.7616666666666667
3.5225925925925927
3.9031481481481483
4.555
3.9207407407407406
5.009074074074074
3.726111111111111
3.470925925925926
3.459814814814815
4.127037037037037
4.017407407407408
3.3272222222222223
3.4033333333333333
3.3335185185185185
3.421111111111111
2.9544444444444444
3.260740740740741
3.2
3.3394444444444447
2.9535185185185187
3.095740740740741
3.1333333333333333
2.7725925925925927
3.111111111111111
3.0033333333333334
2.9914814814814816
2.982222222222222
3.0496296296296297
3.0094444444444446
3.151111111111111
2.9846296296296297
2.667222222222222
3.0168518518518517
2.7355555555555555
3.406851851851852
3.117777777777778
2.6238888888888887
2.5796296296296295
2.4446296296296297
2.457777777777778
2.822962962962963
2.4948148148148146
3.2025925925925924
2.5633333333333335
2.7507407407407407
2.5681481481481483
2.6216666666666666
2.966296296296296
2.505925925925926
