45131
39782
67429
80464
55930
60824
37595
29550
37889
35379
42410
34541
31559
36576
45463
32453
32482
52056
34823
39310
38396
36416
59837
32130
48088
25801
31230
27853
26360
24071
27199
28156
28070
25759
25720
25027
24079
20735
25508
28508
30336
23454
22547
23149
21463
21320
20265
20106
22544
20649
18345
20313
19022
21077
24597
21172
27049
20121
18743
18683
22286
21694
17967
18378
18001
18474
15954
17608
17280
18033
15949
16717
16920
14972
16800
16218
16154
16104
16468
16251
17016
16117
14403
16291
14772
18397
16836
14169
13930
13201
13272
15244
13472
17294
13842
14854
13868
14157
16018
13532
