-21149.14713068613
-17326.767557410407
-23848.069614743483
-22671.64500487748
-21339.218810632552
-22895.72080856399
-16521.17595658545
-11241.871927028085
-17472.775308325487
-16359.895345522007
-19210.24358684716
-15369.077468879655
-13859.046618103062
-15546.463327812524
-18970.979384709888
-13374.803918519281
-14763.14375556958
-20423.53248759426
-13489.553870682023
-17630.27565557389
-15917.383553602356
-14673.398417515156
-17549.72533208775
-12262.179289666748
-17499.325519035792
-10737.326215655725
-13263.308520955514
-11428.549117801256
-10176.79399989727
-9455.495338644358
-9313.077273366447
-11241.190146589726
-11477.103640468109
-9689.506473811784
-10794.25896912122
-7857.529316711284
-8396.790397778064
-7124.637549447458
-9989.118510615483
-8824.514340119498
-12949.37844683992
-8537.95511725005
-7029.0642283497245
-8477.796313865836
-7679.511670394822
-6385.708899846282
-6730.439501545928
-6630.195756694288
-6797.137389181801
-6393.557660476779
-4588.207439490335
-6618.39282528617
-6021.6776755236515
-5881.0926824723265
-6743.410224100284
-7040.750829999072
-8407.336127732877
-5864.423469912441
-5598.10483486933
-4495.361839141251
-5591.854767222334
-7028.804255952913
-5237.611279200675
-4753.909235823516
-5116.305565500032
-4788.7776103652495
-3867.5248379071922
-4736.0110933957685
-3980.9814988786966
-4593.617304135493
-3556.637987012987
-3981.4706249632723
-4292.822052947053
-2957.5939452704165
-4017.8398684648687
-3891.887043877176
-3031.0360019349787
-2819.2056416880337
-3970.4336242402096
-3559.646779957043
-3069.3256512001567
-4003.478084952544
-3105.4380594895306
-3025.5048493173495
-2707.600642133924
-3297.941333485916
-2726.882441681126
-2420.838843754285
-2183.1110764235764
-1596.5492424242425
-1857.545206019471
-2790.072301279731
-1772.1087662337661
-3490.6434164502884
-1695.6065601065602
-2799.903792286145
-2116.421669017257
-1678.6045204795203
-2148.0544225595377
-1373.0725524475529
