13.112777777777778
24.854444444444443
13.979074074074074
12.287777777777778
13.41462962962963
10.303148148148148
11.252962962962963
11.627407407407407
12.217037037037038
20.790925925925926
11.78888888888889
14.268703703703704
12.75925925925926
15.085185185185185
10.41537037037037
12.125555555555556
9.395
10.216481481481482
9.720185185185185
9.696666666666667
16.62851851851852
8.028333333333334
13.133333333333333
8.547407407407407
8.562777777777777
8.361851851851851
9.307037037037038
10.94574074074074
8.42388888888889
7.386481481481481
8.105185185185185
10.316666666666666
10.219814814814814
7.53
7.577222222222222
10.431111111111111
7.024629629629629
7.210740740740741
7.234259259259259
10.251851851851852
16.780185185185186
7.036111111111111
6.686111111111111
7.313518518518518
6.417222222222223
6.184814814814815
7.292037037037037
8.652777777777779
7.604074074074074
6.401481481481482
7.705925925925926
5.886111111111111
7.161666666666667
6.533888888888889
9.019814814814815
5.978148148148148
9.10925925925926
6.502037037037037
6.397962962962963
6.6866666666666665
7.557777777777778
7.253333333333333
5.843703703703704
5.602222222222222
6.307777777777778
5.9944444444444445
5.855185185185185
5.868333333333333
6.232407407407408
6.517222222222222
5.425925925925926
5.889259259259259
6.050185185185185
5.568333333333333
5.739814814814815
4.820185185185185
5.627037037037037
6.060925925925926
5.430740740740741
5.698333333333333
6.743703703703703
5.95
5.473888888888889
5.675740740740741
5.323703703703703
6.122962962962963
6.29537037037037
4.892037037037037
6.501481481481481
6.194444444444445
5.703888888888889
4.956296296296296
5.303518518518518
6.7625925925925925
4.841851851851852
4.913518518518519
4.403518518518519
5.092037037037037
7.319259259259259
4.622962962962963
