3.189074074074074
3.495185185185185
3.4118518518518517
3.063148148148148
3.3575925925925927
3.202962962962963
3.345
3.386851851851852
2.9714814814814816
3.754814814814815
3.1353703703703704
4.337777777777778
2.723333333333333
3.257962962962963
2.743888888888889
2.8607407407407406
2.828148148148148
2.672037037037037
3.2911111111111113
2.7092592592592593
2.7020370370370372
3.0696296296296297
2.915185185185185
2.4161111111111113
2.545185185185185
2.3912962962962965
2.935
2.468148148148148
2.9651851851851854
2.3553703703703706
2.332222222222222
2.3366666666666664
2.6735185185185184
2.0824074074074073
2.1874074074074072
2.812037037037037
2.4792592592592593
2.1507407407407406
2.422222222222222
2.705185185185185
2.2777777777777777
2.344259259259259
2.16537037037037
2.3203703703703704
2.1974074074074075
2.029259259259259
2.1266666666666665
2.156296296296296
2.3385185185185184
2.1464814814814814
2.173888888888889
2.063148148148148
2.0503703703703704
2.3088888888888888
2.4137037037037037
2.04462962962963
2.08037037037037
1.825925925925926
1.94
1.9166666666666667
1.950925925925926
1.8672222222222221
1.7522222222222221
1.8418518518518519
2.008703703703704
1.752962962962963
1.685
1.9122222222222223
1.7612962962962964
1.7594444444444444
1.8662962962962963
1.7457407407407408
1.682962962962963
1.6375925925925925
1.6653703703703704
1.6325925925925926
1.6209259259259259
1.5405555555555555
1.5574074074074074
1.6524074074074073
1.6527777777777777
1.6596296296296296
1.5446296296296296
1.6375925925925925
1.777962962962963
1.7487037037037036
1.8
1.6331481481481482
1.671851851851852
1.5083333333333333
1.4657407407407408
1.4259259259259258
1.5509259259259258
1.645925925925926
1.5903703703703704
1.3994444444444445
1.5735185185185185
1.4390740740740742
1.6007407407407408
1.4644444444444444
