-16476.0
-25944.0
-20226.0
-17369.0
-14838.0
-16757.0
-14363.0
-19153.0
-12266.0
-18418.0
-14075.0
-12877.0
-12384.0
-16895.0
-14101.0
-13601.0
-15436.0
-12170.0
-16004.0
-13955.0
-14356.0
-14436.0
-15742.0
-12357.0
-13607.0
-12949.0
-12897.0
-12811.0
-8684.0
-9724.0
-10246.0
-11015.0
-10696.0
-10406.0
-9000.0
-10140.0
-9978.0
-9124.0
-7434.0
-10391.0
-10922.0
-7922.0
-9450.0
-8723.0
-8561.0
-8400.0
-7113.0
-9337.0
-8990.0
-7065.0
-7635.0
-7474.0
-7062.0
-7664.0
-6943.0
-7610.0
-7418.0
-6095.0
-6375.0
-6692.0
-6297.0
-5888.0
-6159.0
-6699.0
-6987.0
-5481.0
-5614.0
-4426.0
-6214.0
-5392.0
-5723.0
-5469.0
-5786.0
-5167.0
-5042.0
-5328.0
-4754.0
-4469.0
-4507.0
-6209.0
-5361.0
-4570.0
-4793.0
-4238.0
-4958.0
-6124.0
-7257.0
-3735.0
-5162.0
-5569.0
-4652.0
-3765.0
-3625.0
-5740.0
-4282.0
-3737.0
-4229.0
-4321.0
-5338.0
-4078.0
