17221
18874
18424
16541
18131
17296
18063
18289
16046
20276
16931
23424
14706
17593
14817
15448
15272
14429
17772
14630
14591
16576
15742
13047
13744
12913
15849
13328
16012
12719
12594
12618
14437
11245
11812
15185
13388
11614
13080
14608
12300
12659
11693
12530
11866
10958
11484
11644
12628
11591
11739
11141
11072
12468
13034
11041
11234
9860
10476
10350
10535
10083
9462
9946
10847
9466
9099
10326
9511
9501
10078
9427
9088
8843
8993
8816
8753
8319
8410
8923
8925
8962
8341
8843
9601
9443
9720
8819
9028
8145
7915
7700
8375
8888
8588
7557
8497
7771
8644
7908
