44216
16885
16578
14506
13226
15138
15373
14074
13813
13339
17555
11437
9307
11932
14190
12418
10422
13242
13300
11026
9260
11314
11751
8800
10748
11445
10268
11732
9555
9145
8530
8336
8301
10483
8994
12528
9148
7664
8135
10976
8561
7983
7001
7559
7596
8160
7279
8282
7811
7453
6492
7512
7068
8119
8760
6782
7704
6958
6734
7345
7721
6259
7773
6884
6134
6583
6206
5236
6135
7793
6200
5656
5524
6060
5280
5989
6351
5277
5506
5205
6093
5666
5444
4777
5436
5849
6412
5079
5099
5450
6060
5158
4780
6528
5159
4311
6341
5397
5967
4387
