-17722.063332813737
-8535.414063283504
-7819.618559219189
-6619.619866203574
-5648.403832437584
-7509.934366347073
-7513.698728219662
-5669.954780964649
-6134.212426111625
-5896.8628178237295
-8256.123426635044
-4134.829383865991
-2988.0151021645693
-5217.711510058569
-5032.441399813781
-5163.857355106193
-3737.7706216143124
-5739.263645436091
-5880.992532450162
-3622.305937533995
-2982.0668833230748
-4250.014989076891
-4629.950081991079
-2271.8896581359822
-3910.853896103896
-4686.677183353194
-3296.94493006993
-4998.713217265191
-3208.7690273477815
-2801.02965286385
-2668.4335737791616
-2157.010663356252
-2259.777597402597
-3941.4935635600964
-3003.602318733897
-4305.988321097491
-2802.6020846413653
-1831.6036463536464
-2253.5818158290986
-3775.7063177083496
-2584.144491537874
-2063.8572677322677
-1537.3690476190477
-1685.7379336349925
-2010.7730950035516
-2017.2120869326752
-1769.859494671995
-2502.9816988996554
-2233.543498168498
-1924.652485994398
-1111.8655511155512
-1823.565476190476
-1500.8398476523478
-2088.5122793872797
-1939.4767316017317
-1360.495670995671
-1609.4725274725274
-1339.0400432900433
-1285.568722943723
-1777.8098151848153
-1773.0121365207688
-938.2987012987013
-2666.477346672935
-1366.3671744921744
-769.8928571428571
-1062.5616883116882
-887.292748917749
-619.1007742257742
-778.6215034965034
-2246.319754599284
-914.8690476190477
-462.875
-789.2559523809523
-836.2321428571429
-713.2046703296703
-737.7575757575758
-970.8794538794539
-547.0595238095239
-593.0357142857142
-698.8988095238095
-907.9318181818181
-913.4670329670329
-540.9546703296703
-421.36309523809524
-450.9285714285714
-600.1915584415585
-1206.9391233766232
-325.25
-405.9642857142857
-557.3118131868132
-619.2701465201466
-397.77597402597405
-293.07142857142856
-948.1420454545454
-454.17857142857144
-132.625
-640.7857142857143
-465.2332251082251
-636.5665584415585
-215.125
