8.188148148148148
3.126851851851852
3.07
2.6862962962962964
2.4492592592592595
2.8033333333333332
2.8468518518518517
2.6062962962962963
2.557962962962963
2.4701851851851853
3.2509259259259258
2.117962962962963
1.7235185185185184
2.20962962962963
2.6277777777777778
2.2996296296296297
1.93
2.4522222222222223
2.462962962962963
2.041851851851852
1.7148148148148148
2.0951851851851853
2.176111111111111
1.6296296296296295
1.9903703703703703
2.1194444444444445
1.9014814814814816
2.1725925925925926
1.7694444444444444
1.6935185185185184
1.5796296296296297
1.5437037037037038
1.5372222222222223
1.9412962962962963
1.6655555555555555
2.32
1.694074074074074
1.4192592592592592
1.5064814814814815
2.0325925925925925
1.5853703703703703
1.4783333333333333
1.2964814814814816
1.3998148148148148
1.4066666666666667
1.511111111111111
1.347962962962963
1.5337037037037038
1.4464814814814815
1.3801851851851852
1.2022222222222223
1.3911111111111112
1.308888888888889
1.5035185185185185
1.6222222222222222
1.255925925925926
1.4266666666666667
1.2885185185185186
1.247037037037037
1.3601851851851852
1.4298148148148149
1.1590740740740741
1.4394444444444445
1.2748148148148148
1.135925925925926
1.219074074074074
1.1492592592592592
0.9696296296296296
1.136111111111111
1.443148148148148
1.1481481481481481
1.0474074074074073
1.022962962962963
1.1222222222222222
0.9777777777777777
1.109074074074074
1.176111111111111
0.9772222222222222
1.0196296296296297
0.9638888888888889
1.1283333333333334
1.0492592592592593
1.0081481481481482
0.8846296296296297
1.0066666666666666
1.0831481481481482
1.1874074074074075
0.9405555555555556
0.9442592592592592
1.0092592592592593
1.1222222222222222
0.9551851851851851
0.8851851851851852
1.208888888888889
0.9553703703703704
0.7983333333333333
1.1742592592592593
0.9994444444444445
1.105
0.8124074074074074
