52181
39727
55131
57736
49753
49160
44013
39721
44364
40133
38269
51071
34390
39892
34308
38785
36266
34530
33804
32506
30541
30456
43305
36680
29307
30767
30421
32330
36418
32711
27619
29152
27842
35167
27337
41609
28698
27421
28849
46936
26137
27661
28867
26881
30994
26352
25302
26725
28196
23508
32605
27308
23404
25268
33606
25854
27338
28106
23403
23748
28298
21909
25034
23122
22704
25273
23336
23796
23622
23058
21149
20706
22872
21844
20556
21670
20289
22451
21937
23222
28417
21604
20609
21077
19869
25521
24222
20446
20017
21442
20053
18285
19431
28202
19276
19381
20104
19484
25260
18638
