-20662.275131399256
-19168.76599903006
-19592.76263782916
-23161.192337759097
-18539.62646807024
-17802.473563151005
-16596.27483620908
-14777.38288145098
-19250.528800404245
-23543.3985588872
-18455.295486764226
-14772.743357926418
-14993.25353410478
-17202.831285612316
-12912.385130953626
-14922.065783230766
-11505.80182519286
-13316.563319636409
-13475.992546812018
-17667.29274655252
-12598.444286858336
-12574.46529593366
-15589.116684404109
-13373.09436889813
-13281.310689706823
-10866.514728175198
-14416.270960075755
-11105.838430176704
-13487.134939788693
-11476.90237016857
-11628.228821075912
-14430.164804906113
-10311.745017568244
-11524.993477944485
-9597.954222248338
-12030.2554747693
-11857.677950208632
-12295.048104696007
-7174.272013183905
-10808.70900862311
-10342.883247624448
-7550.140034338613
-6764.753598182006
-9394.176833951451
-8463.063263076154
-8901.789703114448
-7866.194998417584
-7201.209888357258
-8837.11218323902
-7944.871465286519
-8001.8015460226425
-6291.405311524523
-6311.4473466111895
-7507.002974087814
-7933.042848434283
-6422.292457658442
-9517.248848180858
-7199.662268163356
-5472.743859545093
-5820.48886639676
-6884.4814633891865
-7751.269581199472
-6529.681917642917
-6354.430556811571
-5064.105564971665
-5516.107379409413
-4159.472177332471
-5592.689457547995
-4758.622895486867
-5091.346486331007
-5193.214567135764
-5821.894486834114
-4182.055205050368
-4447.62514446338
-4746.798742923744
-4663.802822177822
-4781.4359324241295
-3808.7994909502277
-3969.7495274333505
-4822.463374807205
-5015.197047371555
-3363.761430674589
-4580.48159829077
-4420.7933506654645
-3837.777214233135
-4543.278318755399
-4090.833164336106
-4467.024070807933
-2864.2106851481853
-2937.347179781004
-3494.8983172400353
-2424.309253246753
-3303.6850184129603
-4897.478012188377
-3547.994099038217
-2448.596097143311
-3053.013340825842
-3834.743398533982
-3325.5967049826604
-2475.275494242599
