9.663148148148148
7.356851851851852
10.209444444444445
10.691851851851851
9.21351851851852
9.103703703703705
8.150555555555556
7.355740740740741
8.215555555555556
7.432037037037037
7.0868518518518515
9.457592592592592
6.368518518518519
7.387407407407407
6.3533333333333335
7.182407407407408
6.715925925925926
6.394444444444445
6.26
6.019629629629629
5.6557407407407405
5.64
8.019444444444444
6.792592592592593
5.427222222222222
5.697592592592593
5.633518518518518
5.987037037037037
6.744074074074074
6.057592592592592
5.114629629629629
5.398518518518519
5.155925925925926
6.512407407407407
5.062407407407408
7.70537037037037
5.314444444444445
5.077962962962963
5.342407407407407
8.691851851851851
4.840185185185185
5.122407407407407
5.345740740740741
4.977962962962963
5.739629629629629
4.88
4.685555555555555
4.949074074074074
5.221481481481481
4.3533333333333335
6.037962962962963
5.057037037037037
4.334074074074074
4.6792592592592595
6.223333333333334
4.7877777777777775
5.062592592592592
5.204814814814815
4.333888888888889
4.397777777777778
5.24037037037037
4.057222222222222
4.635925925925926
4.281851851851852
4.204444444444444
4.680185185185185
4.321481481481482
4.406666666666666
4.374444444444444
4.27
3.9164814814814815
3.8344444444444443
4.235555555555556
4.045185185185185
3.8066666666666666
4.012962962962963
3.757222222222222
4.157592592592593
4.062407407407408
4.30037037037037
5.262407407407407
4.000740740740741
3.8164814814814814
3.9031481481481483
3.6794444444444445
4.726111111111111
4.485555555555556
3.7862962962962965
3.706851851851852
3.970740740740741
3.7135185185185184
3.386111111111111
3.598333333333333
5.2225925925925925
3.5696296296296297
3.589074074074074
3.722962962962963
3.6081481481481483
4.677777777777778
3.4514814814814816
