48058
44864
40282
61873
54780
39102
41179
38574
39904
39629
33423
35089
33891
32727
36730
35834
38949
34772
33287
30936
32245
29497
35156
29560
29763
26185
31955
28695
30520
29988
26068
29398
29019
30343
26683
33785
31227
27415
28514
28331
26626
24137
24045
24689
25747
24606
23371
22775
24014
25584
26731
24227
25122
23869
26590
21662
27065
23661
24053
23240
26794
23420
22567
22882
23444
21525
21520
21604
22547
20991
20354
21927
18626
21696
19393
18992
19783
20906
18886
20540
22894
20220
17784
20021
19970
22775
19746
18968
18461
19261
19183
17688
18073
20250
16408
16430
18669
17981
18977
17022
