-23505.414792469644
-21769.731785920965
-19653.130879542514
-21587.748248635155
-21242.068396789633
-16935.080537108686
-20473.835271190048
-20215.949460453554
-15441.925871318444
-20808.28920481766
-13976.29902981835
-22373.29620602973
-19478.128539928275
-18727.403846369354
-22208.626648560446
-15679.325630203666
-13905.015275208081
-14643.998898022763
-17115.38338103253
-13637.084587599722
-10630.890102737823
-14334.351211698797
-14523.032183001445
-11592.503285704232
-16425.688054213893
-11620.347951659565
-10435.792559327174
-10962.390996463155
-14417.253500085602
-15217.2490164043
-11616.267924451711
-13545.71262092354
-12102.301333959093
-9820.685656176414
-9622.97147951689
-12559.273790211917
-10830.902713163801
-9872.170202612257
-11708.32345371683
-9584.97958548176
-11294.216637729647
-10518.685022395046
-10529.83007011165
-9778.686727710163
-8792.267312650816
-7512.1089446544165
-7293.1900144489155
-8623.044394722994
-8648.497443357335
-6375.959845623932
-7901.950681803425
-7051.285403773214
-10133.331748553306
-7367.026919258072
-7842.299560885881
-8522.116950004945
-6507.622618367453
-6266.100045938361
-6772.598478276109
-6864.735225886534
-7192.304197089419
-6332.265556811611
-6362.594718717925
-5341.2193808513475
-4500.334713209907
-5060.619983344828
-4473.683401157667
-4973.344370636992
-5976.809835997338
-3873.1978854478853
-5303.055432312784
-5148.697813280631
-4827.264897254448
-4205.588273139904
-5152.913860254141
-5099.997020523336
-5392.437745690842
-4830.43354452565
-5330.628597086608
-3345.6939726939727
-5145.161120488089
-2690.2636530136533
-4664.681740408715
-4042.5701142393086
-3422.006684105368
-4189.680615222411
-4577.956819496293
-3909.1183827782143
-2090.6797197900137
-2993.9076585179528
-3136.4880471695487
-2652.5721570628866
-2444.910943223443
-2737.587564589694
-2323.4215608952445
-2850.9570947628226
-2297.118464868465
-2395.69696969697
-3669.430974443513
-2485.8610029676206
