10.406851851851853
7.820555555555556
8.172037037037038
7.869259259259259
8.922222222222222
6.505185185185185
7.552037037037037
8.057407407407407
6.184444444444445
7.519444444444445
5.758333333333334
8.154814814814815
7.118888888888889
6.820925925925926
8.086481481481481
6.337777777777778
5.74574074074074
5.75962962962963
6.758703703703704
5.221111111111111
4.802222222222222
5.70962962962963
6.226296296296296
5.1722222222222225
6.5670370370370375
4.998888888888889
4.611111111111111
4.923703703703704
5.541666666666667
6.015185185185185
5.05
5.502962962962963
5.267962962962963
4.446296296296296
4.538518518518519
5.961111111111111
4.850555555555555
4.437407407407408
5.2444444444444445
4.753703703703704
4.859814814814815
4.86962962962963
4.845370370370371
4.737962962962963
4.3116666666666665
4.171296296296297
4.099444444444444
4.244259259259259
4.52
3.558333333333333
4.232592592592592
3.9335185185185186
4.718703703703704
4.04037037037037
4.519814814814815
4.251296296296296
4.273148148148148
3.888148148148148
3.966851851851852
3.8937037037037037
4.479629629629629
3.667962962962963
3.6951851851851854
3.504259259259259
3.513333333333333
3.6085185185185185
3.361111111111111
3.4135185185185186
3.5135185185185187
2.982222222222222
3.437037037037037
3.367037037037037
3.477592592592593
3.3825925925925926
3.359814814814815
3.2127777777777777
3.308148148148148
3.2307407407407407
3.5896296296296297
3.0664814814814814
3.6783333333333332
3.027222222222222
3.2835185185185187
3.261111111111111
3.326111111111111
3.5685185185185184
3.4974074074074073
3.164814814814815
2.774259259259259
2.9124074074074073
2.984074074074074
2.8933333333333335
2.688148148148148
3.0137037037037038
2.783148148148148
3.1196296296296295
2.752222222222222
2.9098148148148146
3.6525925925925926
2.783148148148148
