7.784259259259259
14.137037037037038
8.709074074074074
8.370740740740741
6.376296296296296
7.252777777777778
6.386666666666667
9.220925925925926
5.83074074074074
8.205370370370371
6.036481481481482
6.323333333333333
5.455925925925926
8.100925925925926
6.4218518518518515
6.716481481481481
6.913888888888889
6.167407407407407
6.686851851851852
6.62925925925926
8.86111111111111
8.384444444444444
10.64962962962963
5.5125925925925925
5.644814814814815
7.049444444444444
6.337777777777778
5.832222222222223
4.506111111111111
4.638703703703704
5.00537037037037
5.413888888888889
5.330925925925926
5.2901851851851855
4.571851851851852
7.999444444444444
5.335555555555556
4.753333333333333
4.282592592592593
7.103518518518518
7.0183333333333335
4.488703703703703
5.143148148148148
4.550185185185185
4.785555555555556
4.633333333333334
4.016666666666667
4.602222222222222
5.4598148148148145
3.966111111111111
4.521296296296296
4.420555555555556
4.275555555555556
4.439259259259259
5.66462962962963
4.401296296296296
5.665555555555556
3.9325925925925924
3.7505555555555556
3.8505555555555557
5.819444444444445
3.8062962962962965
3.7216666666666667
3.8827777777777777
4.0962962962962965
3.7998148148148148
3.8162962962962963
3.279259259259259
3.920185185185185
3.783888888888889
3.5664814814814814
3.595740740740741
4.248703703703704
3.6657407407407407
3.6822222222222223
3.9785185185185186
3.511296296296296
3.445925925925926
3.42
4.052962962962963
4.925
3.455925925925926
3.487962962962963
3.5885185185185184
3.641111111111111
6.253148148148148
5.888518518518518
3.1485185185185185
5.058148148148148
5.859444444444445
3.6233333333333335
2.9375925925925928
3.150185185185185
5.614629629629629
3.535925925925926
3.2487037037037036
3.0675925925925926
3.905925925925926
6.589444444444444
3.177037037037037
