5.645370370370371
6.731296296296296
6.0938888888888885
6.8438888888888885
4.5542592592592595
5.043888888888889
6.680370370370371
4.238148148148148
6.140740740740741
6.05
5.202222222222222
6.576666666666667
4.536666666666667
4.78962962962963
5.39
8.34074074074074
4.231296296296296
4.3657407407407405
4.497962962962963
4.008518518518518
4.520370370370371
4.239074074074074
5.92037037037037
4.690185185185185
5.2498148148148145
4.45925925925926
3.9292592592592595
4.226111111111111
4.359629629629629
3.918888888888889
3.9672222222222224
4.336481481481481
3.9283333333333332
3.6277777777777778
4.562777777777778
5.6974074074074075
3.9035185185185184
3.4137037037037037
4.033703703703703
5.5814814814814815
3.919074074074074
3.4225925925925926
3.209814814814815
3.310185185185185
3.6846296296296295
3.129814814814815
3.524814814814815
3.1574074074074074
4.25962962962963
3.189814814814815
3.596296296296296
3.245740740740741
3.2401851851851853
3.2288888888888887
5.2481481481481485
3.2175925925925926
4.684074074074074
3.5425925925925927
3.4625925925925927
3.1133333333333333
6.0472222222222225
3.2262962962962964
3.069074074074074
2.8851851851851853
3.255925925925926
3.2525925925925927
2.8603703703703705
3.1244444444444444
3.244074074074074
2.865
2.8205555555555555
2.901111111111111
2.968703703703704
2.660740740740741
2.7375925925925926
2.8035185185185183
2.9340740740740743
2.7648148148148146
2.908333333333333
2.6953703703703704
4.082592592592593
2.7287037037037036
2.830740740740741
2.7564814814814813
2.7944444444444443
4.185555555555555
3.9005555555555556
2.4774074074074073
2.64537037037037
2.6455555555555557
2.6746296296296297
2.618888888888889
2.6694444444444443
3.594074074074074
2.343888888888889
2.654074074074074
2.3787037037037035
2.3635185185185184
3.8385185185185184
2.4316666666666666
