51161
42694
51841
38027
43159
34181
48820
36280
39171
31229
45107
38543
37674
39794
44140
43804
33669
33895
31673
29895
28353
32678
37042
27940
26993
29294
32564
27348
26840
31467
26334
24969
30637
24818
25123
28777
24895
22933
26262
31792
23706
22413
23113
24708
24799
23510
28454
24773
26532
25459
23084
21414
21832
21133
26690
20747
21184
22207
21541
21385
27888
21013
19731
20548
21028
20999
18787
17750
21476
17476
18055
18845
17138
17425
16831
18557
18184
17163
18131
18771
19359
17358
16771
16214
16854
20129
18771
16979
17504
16776
16552
16681
15296
17459
16285
15272
15599
16135
17226
14305
