-22183.62300216452
-22028.522073685683
-23136.228873441654
-18838.19571418038
-21496.495158930255
-15689.608946000002
-24150.64597966305
-17230.8475816754
-18689.074119485922
-14839.324159184242
-20736.43774675222
-19191.18315633734
-17474.862006142746
-19124.680946256398
-20387.386003306754
-21000.85753666381
-14412.907015022905
-16110.341906456757
-14897.987330096457
-12165.589537102114
-12453.37773400042
-15774.834032089235
-16061.277911438492
-11982.351202232632
-11899.034950349549
-12874.781249953377
-14303.592453776928
-11145.029327147831
-10884.042976742732
-14517.015427695875
-10560.105158706365
-9724.347209734895
-14563.1102067101
-9876.230787219352
-9821.77008040362
-10964.053587216818
-9680.489377999846
-8375.403907076074
-10445.328610238374
-12551.60845148409
-8730.679525915759
-7819.128714156687
-8477.698810219707
-9464.110992218488
-9370.706864590744
-8142.961523318183
-12074.564464147783
-9533.565594208125
-9700.136381847798
-10006.429469554883
-7860.608564828265
-7687.639030387813
-7738.437405021805
-7152.295205383711
-9040.646351990148
-6982.967602121819
-6431.037563462649
-7408.322731500414
-6771.805855697598
-6885.955086332618
-9243.276349721753
-6347.061143513349
-5343.175971281041
-6464.507894252178
-6131.838415169879
-6965.3010739260735
-5052.368528530294
-4916.174281085272
-6710.5036006927485
-4525.397669603358
-4091.8880518990813
-5026.082582858317
-3855.737887112887
-4230.1333450046695
-3949.915501165501
-4578.326086774425
-4388.097797777558
-4002.8383268479174
-4458.960705960705
-5019.267440892441
-4600.274827609465
-3639.2999198513903
-3145.1244331648736
-2839.3127497502496
-3535.2149737517384
-4472.98709723033
-4072.550557566004
-3943.347364645159
-3965.0539706037002
-2894.452001945423
-3421.4297369297365
-2874.049891285186
-2959.040006562065
-3147.4175835129777
-3455.971611721612
-2230.45736861178
-3205.6172927949237
-2462.421703296703
-3559.712250687908
-2001.8481310356312
