9.47425925925926
7.906296296296296
9.600185185185186
7.042037037037037
7.992407407407407
6.329814814814815
9.040740740740741
6.718518518518518
7.253888888888889
5.783148148148148
8.353148148148149
7.1375925925925925
6.976666666666667
7.369259259259259
8.174074074074074
8.111851851851851
6.235
6.276851851851852
5.86537037037037
5.536111111111111
5.250555555555556
6.051481481481481
6.859629629629629
5.174074074074074
4.998703703703704
5.424814814814815
6.03037037037037
5.064444444444445
4.970370370370371
5.827222222222222
4.876666666666667
4.623888888888889
5.673518518518518
4.5959259259259255
4.6524074074074075
5.329074074074074
4.610185185185185
4.246851851851852
4.863333333333333
5.887407407407407
4.39
4.150555555555556
4.280185185185185
4.575555555555556
4.592407407407407
4.353703703703704
5.269259259259259
4.587592592592593
4.913333333333333
4.71462962962963
4.274814814814815
3.9655555555555555
4.042962962962963
3.9135185185185186
4.942592592592592
3.842037037037037
3.9229629629629628
4.1124074074074075
3.989074074074074
3.960185185185185
5.164444444444444
3.8912962962962965
3.653888888888889
3.8051851851851852
3.8940740740740742
3.8887037037037038
3.479074074074074
3.287037037037037
3.977037037037037
3.2362962962962962
3.3435185185185183
3.4898148148148147
3.173703703703704
3.2268518518518516
3.1168518518518518
3.4364814814814815
3.3674074074074074
3.1783333333333332
3.3575925925925927
3.476111111111111
3.585
3.2144444444444447
3.1057407407407407
3.0025925925925927
3.121111111111111
3.727592592592593
3.476111111111111
3.1442592592592593
3.2414814814814816
3.1066666666666665
3.065185185185185
3.089074074074074
2.8325925925925928
3.2331481481481483
3.015740740740741
2.828148148148148
2.8887037037037038
2.987962962962963
3.19
2.649074074074074
