-26829.913694170787
-35124.34742701639
-31193.34383560763
-25723.69685971283
-30216.219895478964
-23185.537304958743
-24955.392217537817
-23729.71410115452
-24169.331262925603
-26560.54093741884
-23204.640072343478
-30990.216567179326
-26027.16049997021
-31866.862558984987
-20068.32097631309
-25304.802109442964
-20948.3979351593
-21037.725918090673
-19797.748521702128
-21206.35129982955
-21249.417435526982
-17015.868568071874
-22369.419518856932
-15254.032043384095
-19222.514196128748
-17415.550399050837
-18742.052763394324
-22830.662938381716
-16784.656624677165
-13547.181996187015
-15234.506079344666
-19888.168149235
-19966.589345021977
-15027.442773554834
-14486.937862946615
-17620.90087421635
-12677.427224288478
-13925.946976138015
-13804.317005197587
-14254.602543419845
-21261.68599986363
-12429.085449436107
-12480.561933723733
-12860.174983512696
-10045.818258630123
-10011.934595436274
-10879.772017552634
-16092.278207334622
-14366.924683580693
-11829.446203407253
-14433.562062258303
-8298.419428731591
-11199.490111698315
-10593.065280108094
-11088.295469196984
-9437.6103444324
-10672.796859414246
-9379.38909684537
-10005.426637816643
-10473.106838940166
-10936.843024585196
-11122.288296204437
-7461.134246372544
-7486.391231428931
-8870.131660761981
-8679.18444359919
-8067.497605764896
-8221.661194369703
-9613.946945051995
-9413.536094399935
-7933.50414014156
-8435.091745915102
-7113.71689200853
-6424.138377360515
-7767.360349169982
-4883.7071474534
-6485.933181222166
-8503.32888946595
-6202.721908542232
-6158.725093353897
-6622.130885666604
-6281.901764434286
-5075.669879396904
-7854.738173568062
-5704.271781022834
-6749.4884107408625
-7351.753099582725
-5469.838101363383
-8221.526614290447
-5413.387217409451
-6297.777168766861
-4732.4842968136245
-4385.922568192862
-6325.133432603149
-4626.106586787791
-4152.160332492173
-3189.894456779367
-4855.162959456079
-6958.2551821968045
-3182.3869055995615
