-14783.0
-15121.0
-15567.0
-14118.0
-15704.0
-12513.0
-19458.0
-14700.0
-14664.0
-13423.0
-13962.0
-11320.0
-13090.0
-11778.0
-10628.0
-13768.0
-8361.0
-10571.0
-11187.0
-11247.0
-9325.0
-10245.0
-11932.0
-8374.0
-10324.0
-8899.0
-8334.0
-10804.0
-8676.0
-8365.0
-10543.0
-9381.0
-8360.0
-8291.0
-7264.0
-7566.0
-11021.0
-8596.0
-7785.0
-6302.0
-7777.0
-8916.0
-6450.0
-8407.0
-9024.0
-7160.0
-6692.0
-7333.0
-8064.0
-7727.0
-7328.0
-6493.0
-7057.0
-6970.0
-5256.0
-4968.0
-7047.0
-5477.0
-5201.0
-6371.0
-4934.0
-6016.0
-5335.0
-6707.0
-4811.0
-5156.0
-5669.0
-5078.0
-4922.0
-4436.0
-5028.0
-4790.0
-4534.0
-4539.0
-4630.0
-4107.0
-4425.0
-4921.0
-3942.0
-4144.0
-3446.0
-4639.0
-4100.0
-4706.0
-4604.0
-4628.0
-4054.0
-3546.0
-4628.0
-3686.0
-4816.0
-2853.0
-2762.0
-4439.0
-3069.0
-3234.0
-3526.0
-3240.0
-3691.0
-2512.0
